0000000000000000000111112111110000000000000000000
0000000000000000000111000001110000000000000000000
0000111111111111111111000001111111111111111110000
0011111111111111111111000001111111111111111111100
0011111111111111111110000000111111111111111111100
0011133330000000000000000000000000000000333311100
0011133330000000000000033300000000000000333311100
0011133330000000000000033300000000000000333311100
0011133330000000000000033300000000000000333311100
0011100000000000000000033300000000000000000011100
0011100000000000000000000000000000000000000011100
0011100000000004000000000000000004000000000011100
0011100000000000000000000000000000000000000011100
0011100000000000000000000000000000000000000011100
0011100000000000000000000000000000000000000011100
0011100000000000000000000000000000000000000011100
0011133330000000000000033300000000000000333311100
0011133330000000000000033300000000000000333311100
0011133330000000000000033300000000000000333311100
1111133330000000000000033300000000000000333311111
1111100000000000000000000000000000000000000011111
1111100000000000000000000000000000000000000011111
1000000000000000000000000000000000000000000000001
1000000000000000000000000000000000000000000000001
2000000000000000000000000000000000000000000000002
1000000000000000000000000000000000000000000000001
1000000000000000000000000000000000000000000000001
1111100000000000000000000000000000000000000011111
1111100000000000000000000000000000000000000011111
1111133330000000000000033300000000000000333311111
0011133330000000000000033300000000000000333311100
0011133330000000000000033300000000000000333311100
0011133330000000000000033300000000000000333311100
0011100000000000000000000000000000000000000011100
0011100000000000000000000000000000000000000011100
0011100000000000000000000000000000000000000011100
0011100000000004000000000000000004000000000011100
0011100000000000000000000000000000000000000011100
0011100000000000000000000000000000000000000011100
0011100000000000000000033300000000000000000011100
0011133330000000000000033300000000000000333311100
0011133330000000000000033300000000000000333311100
0011133330000000000000033300000000000000333311100
0011133330000000000000000000000000000000333311100
0011111111111111111110000000111111111111111111100
0011111111111111111111000001111111111111111111100
0000111111111111111111000001111111111111111110000
0000000000000000000111000001110000000000000000000
0000000000000000000111112111110000000000000000000
