1111111111111111111111112111111111111111111111111
1000000000000000000000000000000000000000000000001
1000000000000000000000000000000000000000000000001
1000000000000000000000000000000000000000000000001
1000000000000000000000000000000000000000000000001
1000000003000000000000003000000000000003000000001
1000000033300000000000033300000000000033300000001
1000000333330000000000333330000000000333330000001
1000000033300000000000033300000000000033300000001
1000000003000000000000003000000000000003000000001
1000000000000000000000000000000000000000000000001
1000000000000004000000000000000004000000000000001
1000000000000000000000000000000000000000000000001
1000000000000000000000000000000000000000000000001
1000000000000000000000000000000000000000000000001
1000000003000000000000003000000000000003000000001
1000000033300000000000033300000000000033300000001
1000000333330000000000333330000000000333330000001
1000000033300000000000033300000000000033300000001
1000000003000000000000003000000000000003000000001
1000000000000000000000000000000000000000000000001
1000000000000000000000000000000000000000000000001
1000000000000000000000000000000000000000000000001
1000000000000000000000000000000000000000000000001
2000000000000000000000004000000000000000000000002
1000000000000000000000000000000000000000000000001
1000000000000000000000000000000000000000000000001
1000000000000000000000000000000000000000000000001
1000000000000000000000000000000000000000000000001
1000000003000000000000003000000000000003000000001
1000000033300000000000033300000000000033300000001
1000000333330000000000333330000000000333330000001
1000000033300000000000033300000000000033300000001
1000000003000000000000003000000000000003000000001
1000000000000000000000000000000000000000000000001
1000000000000000000000000000000000000000000000001
1000000000000000000000000000000000000000000000001
1000000000000004000000000000000004000000000000001
1000000000000000000000000000000000000000000000001
1000000003000000000000003000000000000003000000001
1000000033300000000000033300000000000033300000001
1000000333330000000000333330000000000333330000001
1000000033300000000000033300000000000033300000001
1000000003000000000000003000000000000003000000001
1000000000000000000000000000000000000000000000001
1000000000000000000000000000000000000000000000001
1000000000000000000000000000000000000000000000001
1000000000000000000000000000000000000000000000001
1111111111111111111111112111111111111111111111111
1111111111111111111111112111111111111111111111111
1000000000000000000000000000000000000000000000001
1000000000000000000000000000000000000000000000001
1004000000000000000000000000000000000000000004001
1000000000000000000000000000000000000000000000001
1000000000000000000000000000000000000000000000001
1000000000000000000000000000000000000000000000001
1000000333333333000000000000000003333333330000001
1000000333333333000000000000000003333333330000001
1000000333333333000000000000000003333333330000001
1000000333333333000000000000000003333333330000001
1000000333333333000000000000000003333333330000001
1000000333333333000000000000000003333333330000001
1000000333333333000000000000000003333333330000001
1000000000000000000000000000000000000000000000001
1000000000000000000000000000000000000000000000001
1000000000000000000000004000000000000000000000001
1000000000000000000000000000000000000000000000001
1000000000000000000000000000000000000000000000001
1000000000000000000000000000000000000000000000001
1000000000000000000000000000000000000000000000001
1000000000000000000033333333300000000000000000001
1000000000000000000033333333300000000000000000001
1000000000000000000033333333300000000000000000001
2000000000000000000033333333300000000000000000002
1000000000000000000033333333300000000000000000001
1000000000000000000033333333300000000000000000001
1000000000000000000033333333300000000000000000001
1000000000000000000000000000000000000000000000001
1000000000000000000000000000000000000000000000001
1000000000000000000000000000000000000000000000001
1000000000000000000000000000000000000000000000001
1000000000000000000000004000000000000000000000001
1000000000000000000000000000000000000000000000001
1000000000000000000000000000000000000000000000001
1000000333333333000000000000000003333333330000001
1000000333333333000000000000000003333333330000001
1000000333333333000000000000000003333333330000001
1000000333333333000000000000000003333333330000001
1000000333333333000000000000000003333333330000001
1000000333333333000000000000000003333333330000001
1000000333333333000000000000000003333333330000001
1000000000000000000000000000000000000000000000001
1000000000000000000000000000000000000000000000001
1000000000000000000000000000000000000000000000001
1004000000000000000000000000000000000000000004001
1000000000000000000000000000000000000000000000001
1000000000000000000000000000000000000000000000001
1111111111111111111111112111111111111111111111111
